================================================================================
TOP 100 CASES FOR GLUCOSE COVERAGE
================================================================================

Total cases with glucose data: 5091
Total glucose measurements: 35358

Cases with >= 3 measurements: 3362

TOP 100 CASES (sorted by glucose range):
================================================================================
Rank   Case ID    Count    Min        Max        Mean       Range     
--------------------------------------------------------------------------------
1      813        104      40.0       1211.0     123.3      1171.0    
2      550        32       62.0       849.0      254.2      787.0     
3      2541       5        75.0       845.0      277.8      770.0     
4      3321       15       104.0      781.0      237.0      677.0     
5      4140       18       103.0      638.0      183.7      535.0     
6      1186       22       48.0       578.0      259.6      530.0     
7      5070       14       179.0      665.0      331.0      486.0     
8      4360       23       98.0       554.0      217.2      456.0     
9      3300       23       98.0       554.0      217.2      456.0     
10     1515       50       75.0       528.0      185.1      453.0     
11     3205       10       74.0       523.0      241.8      449.0     
12     1605       4        121.0      556.0      272.8      435.0     
13     4898       106      60.0       494.0      153.5      434.0     
14     4412       33       68.0       499.0      162.2      431.0     
15     4251       33       68.0       499.0      162.2      431.0     
16     3390       30       52.0       478.0      121.8      426.0     
17     6337       107      20.0       442.0      119.7      422.0     
18     4647       107      20.0       442.0      119.7      422.0     
19     4686       26       99.0       511.0      260.8      412.0     
20     4760       86       91.0       500.0      162.1      409.0     
21     5907       24       73.0       479.0      171.8      406.0     
22     3380       20       78.0       481.0      145.2      403.0     
23     94         30       88.0       490.0      272.2      402.0     
24     4911       27       56.0       449.0      132.4      393.0     
25     3097       35       119.0      508.0      219.2      389.0     
26     6351       35       80.0       469.0      143.4      389.0     
27     2318       35       32.0       420.0      163.6      388.0     
28     1995       22       91.0       478.0      210.2      387.0     
29     722        10       115.0      500.0      159.6      385.0     
30     2424       23       106.0      483.0      235.9      377.0     
31     2395       3        87.0       462.0      232.3      375.0     
32     4771       33       71.0       445.0      225.1      374.0     
33     3689       21       71.0       445.0      199.0      374.0     
34     1327       66       41.0       404.0      150.4      363.0     
35     5343       12       97.0       454.0      217.3      357.0     
36     1564       36       75.0       431.0      191.7      356.0     
37     4703       19       146.0      500.0      309.0      354.0     
38     870        20       72.0       426.0      194.2      354.0     
39     2494       25       51.0       399.0      187.1      348.0     
40     2272       47       84.0       427.0      174.4      343.0     
41     5550       47       61.0       401.0      164.2      340.0     
42     2060       12       125.0      463.0      210.1      338.0     
43     5040       9        146.0      474.0      237.9      328.0     
44     2653       51       50.0       375.0      135.3      325.0     
45     5222       37       69.0       393.0      133.7      324.0     
46     2575       37       69.0       393.0      133.7      324.0     
47     1807       23       133.0      453.0      228.5      320.0     
48     4179       14       128.0      448.0      208.6      320.0     
49     876        54       108.0      427.0      230.7      319.0     
50     1793       18       71.0       389.0      127.3      318.0     
51     3775       17       66.0       380.0      185.0      314.0     
52     5621       44       78.0       392.0      122.1      314.0     
53     6089       6        112.0      425.0      205.0      313.0     
54     5613       4        208.0      518.0      298.2      310.0     
55     2324       18       108.0      417.0      174.8      309.0     
56     1502       17       108.0      417.0      176.1      309.0     
57     1885       20       70.0       375.0      108.8      305.0     
58     594        5        108.0      413.0      172.2      305.0     
59     464        129      133.0      437.0      259.2      304.0     
60     5875       11       114.0      417.0      209.4      303.0     
61     4326       10       88.0       391.0      153.2      303.0     
62     794        30       15.0       316.0      80.1       301.0     
63     3440       21       113.0      410.0      214.9      297.0     
64     5051       27       62.0       359.0      91.3       297.0     
65     5425       12       100.0      396.0      178.7      296.0     
66     1196       4        158.0      453.0      310.5      295.0     
67     4817       26       83.0       377.0      201.4      294.0     
68     3331       33       105.0      398.0      192.3      293.0     
69     603        29       56.0       349.0      207.9      293.0     
70     4835       46       65.0       358.0      106.0      293.0     
71     4913       33       105.0      398.0      191.7      293.0     
72     4206       10       127.0      418.0      220.5      291.0     
73     1320       22       91.0       381.0      190.6      290.0     
74     2242       6        65.0       355.0      163.2      290.0     
75     4144       19       70.0       359.0      114.5      289.0     
76     5753       33       119.0      407.0      219.6      288.0     
77     2078       9        50.0       338.0      181.4      288.0     
78     4009       33       119.0      407.0      219.6      288.0     
79     4744       33       119.0      407.0      219.6      288.0     
80     4655       33       119.0      407.0      219.6      288.0     
81     5698       37       54.0       342.0      154.3      288.0     
82     4644       47       73.0       360.0      156.9      287.0     
83     6265       18       70.0       348.0      143.2      278.0     
84     5884       47       79.0       355.0      171.2      276.0     
85     4101       5        199.0      474.0      270.0      275.0     
86     1785       29       55.0       329.0      140.1      274.0     
87     4282       11       100.0      372.0      201.5      272.0     
88     3531       6        91.0       362.0      202.3      271.0     
89     5166       10       79.0       350.0      127.3      271.0     
90     3912       54       61.0       331.0      215.1      270.0     
91     617        54       61.0       331.0      215.1      270.0     
92     4283       54       61.0       331.0      215.1      270.0     
93     406        21       63.0       332.0      118.1      269.0     
94     1341       6        159.0      428.0      300.0      269.0     
95     1668       36       82.0       350.0      174.0      268.0     
96     1231       71       69.0       335.0      136.6      266.0     
97     3066       71       69.0       335.0      136.6      266.0     
98     3625       125      65.0       330.0      163.3      265.0     
99     691        19       91.0       355.0      174.3      264.0     
100    847        50       60.0       324.0      138.2      264.0     

================================================================================
SUMMARY STATISTICS FOR TOP 100 CASES
================================================================================

Total measurements: 3204
Glucose range: 15.0 - 1211.0 mg/dL
Coverage span: 1196.0 mg/dL
Mean glucose: 175.7 mg/dL
Median glucose: 154.5 mg/dL
Std glucose: 92.7 mg/dL

Clinical Distribution:
  Hypoglycemia            88 (  2.7%)
  Normal                 528 ( 16.5%)
  Prediabetes            462 ( 14.4%)
  Diabetes              2126 ( 66.4%)

Average measurements per case: 32.0
Estimated PPG windows (at 70% success rate): ~112140

================================================================================
TOP 100 CASE IDS (copy-paste ready)
================================================================================

[813, 550, 2541, 3321, 4140, 1186, 5070, 4360, 3300, 1515, 3205, 1605, 4898, 4412, 4251, 3390, 6337, 4647, 4686, 4760, 5907, 3380, 94, 4911, 3097, 6351, 2318, 1995, 722, 2424, 2395, 4771, 3689, 1327, 5343, 1564, 4703, 870, 2494, 2272, 5550, 2060, 5040, 2653, 5222, 2575, 1807, 4179, 876, 1793, 3775, 5621, 6089, 5613, 2324, 1502, 1885, 594, 464, 5875, 4326, 794, 3440, 5051, 5425, 1196, 4817, 3331, 603, 4835, 4913, 4206, 1320, 2242, 4144, 5753, 2078, 4009, 4744, 4655, 5698, 4644, 6265, 5884, 4101, 1785, 4282, 3531, 5166, 3912, 617, 4283, 406, 1341, 1668, 1231, 3066, 3625, 691, 847]

Comma-separated:
813,550,2541,3321,4140,1186,5070,4360,3300,1515,3205,1605,4898,4412,4251,3390,6337,4647,4686,4760,5907,3380,94,4911,3097,6351,2318,1995,722,2424,2395,4771,3689,1327,5343,1564,4703,870,2494,2272,5550,2060,5040,2653,5222,2575,1807,4179,876,1793,3775,5621,6089,5613,2324,1502,1885,594,464,5875,4326,794,3440,5051,5425,1196,4817,3331,603,4835,4913,4206,1320,2242,4144,5753,2078,4009,4744,4655,5698,4644,6265,5884,4101,1785,4282,3531,5166,3912,617,4283,406,1341,1668,1231,3066,3625,691,847

================================================================================
GLUCOSE VALUES PER CASE (first 20 cases)
================================================================================

Case 813 (Rank 1):
  Values: [77, 84, 97, 145, 146, 193, 554, 1211, 40, 51, 60, 60, 66, 79, 80, 80, 81, 82, 82, 83, 84, 85, 85, 87, 88, 89, 89, 89, 90, 91, 93, 94, 94, 94, 94, 95, 96, 97, 97, 97, 99, 99, 99, 100, 100, 101, 101, 101, 102, 102, 104, 104, 104, 105, 105, 105, 105, 105, 106, 106, 107, 107, 107, 108, 109, 110, 111, 111, 112, 114, 114, 114, 115, 116, 116, 116, 117, 118, 119, 121, 121, 122, 123, 123, 124, 124, 124, 126, 126, 128, 129, 131, 132, 132, 132, 136, 137, 139, 149, 155, 156, 167, 182, 213]
  Count: 104, Range: 1171.0 mg/dL

Case 550 (Rank 2):
  Values: [62, 66, 74, 79, 80, 80, 93, 99, 118, 150, 153, 155, 156, 169, 179, 186, 206, 219, 236, 238, 242, 261, 267, 323, 336, 415, 442, 500, 500, 500, 700, 849]
  Count: 32, Range: 787.0 mg/dL

Case 2541 (Rank 3):
  Values: [75, 80, 190, 199, 845]
  Count: 5, Range: 770.0 mg/dL

Case 3321 (Rank 4):
  Values: [104, 119, 124, 125, 140, 147, 165, 176, 183, 214, 229, 254, 294, 500, 781]
  Count: 15, Range: 677.0 mg/dL

Case 4140 (Rank 5):
  Values: [103, 116, 118, 148, 149, 150, 157, 157, 160, 162, 169, 171, 182, 183, 190, 219, 638, 134]
  Count: 18, Range: 535.0 mg/dL

Case 1186 (Rank 6):
  Values: [48, 78, 115, 124, 130, 134, 137, 152, 154, 159, 239, 247, 265, 275, 275, 285, 400, 425, 492, 500, 500, 578]
  Count: 22, Range: 530.0 mg/dL

Case 5070 (Rank 7):
  Values: [179, 201, 202, 208, 210, 220, 233, 294, 296, 356, 369, 551, 650, 665]
  Count: 14, Range: 486.0 mg/dL

Case 4360 (Rank 8):
  Values: [98, 102, 116, 123, 124, 130, 148, 159, 179, 190, 194, 196, 197, 200, 210, 230, 243, 247, 289, 329, 364, 373, 554]
  Count: 23, Range: 456.0 mg/dL

Case 3300 (Rank 9):
  Values: [98, 102, 116, 123, 124, 130, 148, 159, 179, 190, 194, 196, 197, 200, 210, 230, 243, 247, 289, 329, 364, 373, 554]
  Count: 23, Range: 456.0 mg/dL

Case 1515 (Rank 10):
  Values: [75, 75, 82, 99, 120, 127, 128, 128, 132, 134, 134, 136, 136, 137, 138, 138, 139, 139, 141, 143, 147, 148, 150, 153, 154, 157, 158, 159, 162, 165, 173, 183, 185, 213, 217, 224, 224, 225, 245, 249, 258, 264, 266, 268, 284, 287, 295, 306, 327, 528]
  Count: 50, Range: 453.0 mg/dL

Case 3205 (Rank 11):
  Values: [74, 128, 184, 187, 202, 228, 249, 280, 363, 523]
  Count: 10, Range: 449.0 mg/dL

Case 1605 (Rank 12):
  Values: [121, 206, 208, 556]
  Count: 4, Range: 435.0 mg/dL

Case 4898 (Rank 13):
  Values: [60, 65, 69, 72, 75, 78, 79, 80, 80, 81, 82, 84, 85, 86, 86, 89, 92, 92, 93, 94, 94, 96, 99, 104, 105, 108, 111, 111, 112, 112, 113, 114, 114, 115, 116, 117, 123, 125, 128, 128, 130, 132, 133, 133, 134, 136, 137, 138, 139, 139, 140, 140, 141, 141, 143, 148, 148, 148, 149, 149, 152, 154, 155, 155, 156, 160, 163, 164, 168, 170, 173, 176, 176, 188, 189, 190, 194, 194, 195, 196, 197, 198, 199, 203, 204, 204, 209, 209, 210, 212, 213, 215, 219, 219, 225, 226, 226, 226, 227, 238, 240, 248, 260, 265, 354, 494]
  Count: 106, Range: 434.0 mg/dL

Case 4412 (Rank 14):
  Values: [68, 70, 76, 80, 87, 94, 96, 98, 102, 103, 106, 110, 118, 118, 119, 123, 125, 125, 126, 127, 132, 134, 135, 138, 166, 167, 168, 169, 225, 405, 462, 483, 499]
  Count: 33, Range: 431.0 mg/dL

Case 4251 (Rank 15):
  Values: [68, 70, 76, 80, 87, 94, 96, 98, 102, 103, 106, 110, 118, 118, 119, 123, 125, 125, 126, 127, 132, 134, 135, 138, 166, 167, 168, 169, 225, 405, 462, 483, 499]
  Count: 33, Range: 431.0 mg/dL

Case 3390 (Rank 16):
  Values: [478, 52, 60, 66, 75, 78, 79, 83, 85, 86, 89, 90, 91, 93, 93, 94, 94, 95, 104, 109, 115, 115, 122, 139, 139, 159, 161, 169, 214, 227]
  Count: 30, Range: 426.0 mg/dL

Case 6337 (Rank 17):
  Values: [20, 26, 30, 31, 43, 58, 66, 73, 76, 76, 77, 77, 78, 79, 82, 84, 84, 86, 87, 88, 88, 88, 88, 89, 90, 91, 92, 92, 92, 94, 96, 96, 97, 97, 97, 97, 99, 100, 102, 103, 104, 105, 105, 105, 105, 106, 106, 107, 108, 108, 108, 111, 112, 112, 113, 114, 114, 115, 116, 116, 117, 117, 118, 118, 119, 119, 122, 126, 127, 128, 129, 130, 131, 131, 131, 136, 137, 138, 140, 141, 143, 144, 145, 145, 147, 150, 152, 154, 159, 160, 165, 165, 165, 167, 168, 168, 169, 171, 172, 174, 177, 204, 206, 209, 212, 217, 442]
  Count: 107, Range: 422.0 mg/dL

Case 4647 (Rank 18):
  Values: [20, 26, 30, 31, 43, 58, 66, 73, 76, 76, 77, 77, 78, 79, 82, 84, 84, 86, 87, 88, 88, 88, 88, 89, 90, 91, 92, 92, 92, 94, 96, 96, 97, 97, 97, 97, 99, 100, 102, 103, 104, 105, 105, 105, 105, 106, 106, 107, 108, 108, 108, 111, 112, 112, 113, 114, 114, 115, 116, 116, 117, 117, 118, 118, 119, 119, 122, 126, 127, 128, 129, 130, 131, 131, 131, 136, 137, 138, 140, 141, 143, 144, 145, 145, 147, 150, 152, 154, 159, 160, 165, 165, 165, 167, 168, 168, 169, 171, 172, 174, 177, 204, 206, 209, 212, 217, 442]
  Count: 107, Range: 422.0 mg/dL

Case 4686 (Rank 19):
  Values: [99, 149, 174, 182, 182, 183, 183, 187, 195, 199, 201, 205, 213, 231, 247, 285, 293, 304, 308, 320, 369, 370, 373, 382, 435, 511]
  Count: 26, Range: 412.0 mg/dL

Case 4760 (Rank 20):
  Values: [91, 94, 96, 98, 101, 102, 106, 107, 111, 114, 116, 117, 118, 118, 119, 120, 122, 122, 123, 123, 124, 125, 130, 132, 132, 134, 134, 134, 134, 135, 136, 137, 138, 138, 138, 139, 139, 139, 139, 141, 142, 142, 142, 143, 143, 143, 143, 144, 145, 147, 150, 151, 152, 152, 154, 156, 159, 159, 160, 162, 164, 165, 166, 172, 172, 175, 176, 178, 178, 180, 190, 191, 192, 197, 209, 210, 220, 227, 235, 240, 241, 281, 296, 382, 500, 500]
  Count: 86, Range: 409.0 mg/dL

... and 80 more cases

================================================================================
DONE
================================================================================

Use these 100 case IDs for training!
